Multiple size <= 100
TEST 1 ARG:95 89 14 1 49 73 4 76 23 42 51 85 37 87 6 80 74 5 58 31 30 98 50 26 32 71 43 55 56 41 13 90 82 75 70 69 79 28 8 61 67 12 62 52 91 78 11 25 57 93 24 88 7 44 83 40 96 99 22 33 68 94 59 27 38 97 16 0 45 63 3 17 39 29 10 72 2 18 35 86 84 21 77 34 9 53 36 65 19 81 60 20 15 48 46 66 92 47 64 54
TEST 2 ARG:47 28 35 30 66 26 31 32 27 11 13 22 25 37 34 71 60 1 42 55 46 62 0 21 81 14 69 3 56 73 36 83 80 61 67 88 57 39 12 19 84 74 58 63 53 68 51 41 4 89 8 16 23 6 64 38 49 2 91 10 7 75 45 29 97 87 72 18 33 93 76 5 79 95 54 15 78 43 70 20 24 86 94 50 77 99 96 59 65 40 52 85 98 90 9 82 92 48 44 17
TEST 3 ARG:5 16 95 46 42 30 21 9 91 82 74 7 54 76 43 23 58 60 6 63 3 38 33 80 86 98 92 17 49 72 61 34 79 71 25 93 36 77 75 97 35 67 4 78 15 1 48 62 81 57 41 70 12 27 87 2 96 44 84 45 26 20 53 59 22 0 66 28 56 99 24 10 32 51 89 52 13 18 39 50 68 85 14 8 29 69 11 55 19 47 88 40 90 83 31 73 64 65 37 94
TEST 4 ARG:58 97 86 7 87 13 65 68 88 16 43 33 28 15 41 11 70 12 80 29 81 35 17 50 90 89 92 67 93 98 6 2 39 56 31 1 0 38 64 51 83 73 48 44 76 3 14 99 26 32 25 8 85 18 59 57 36 55 95 24 60 63 20 77 79 5 4 69 21 91 27 23 78 54 42 94 19 66 84 53 47 22 49 71 40 10 52 82 74 96 37 46 72 61 75 9 34 62 45 30
TEST 5 ARG:26 14 16 8 44 27 24 21 79 84 87 35 63 55 18 38 42 73 64 75 61 5 19 82 28 51 0 86 80 71 32 49 74 56 13 89 62 93 1 72 50 77 59 67 88 95 29 91 12 70 7 53 3 39 33 46 25 30 45 36 69 34 40 94 54 85 99 4 48 98 41 58 76 92 47 6 90 11 57 17 65 23 37 52 81 68 31 9 15 2 43 10 97 96 22 83 60 20 66 78
TEST 6 ARG:26 33 37 96 69 75 42 91 36 3 88 6 78 67 61 73 93 1 14 46 68 10 31 44 94 48 86 38 77 99 40 90 12 47 76 60 17 32 24 64 22 21 57 89 65 52 80 23 54 51 43 97 85 20 83 8 87 5 29 7 55 15 27 81 30 72 49 63 98 92 66 13 82 56 4 19 34 58 9 11 35 28 53 50 84 39 62 18 25 79 74 16 71 95 45 59 0 41 70 2
TEST 7 ARG:95 54 36 22 57 29 47 51 85 45 93 9 63 23 97 33 42 78 41 94 37 80 5 21 26 61 50 69 46 15 7 77 11 56 2 18 0 52 58 55 74 24 31 49 43 12 38 84 28 19 89 1 86 59 70 92 98 66 30 62 64 90 48 25 40 6 3 82 14 73 8 10 79 96 65 88 75 17 4 20 81 39 16 27 99 34 32 76 83 72 87 44 35 91 53 60 71 67 68 13
TEST 8 ARG:70 27 32 55 74 62 11 9 12 41 54 99 52 76 96 59 97 30 94 36 90 33 37 91 44 21 60 67 78 53 71 63 13 49 7 48 29 20 95 45 38 16 35 61 31 23 85 40 4 98 86 2 26 83 50 73 57 39 28 80 81 88 92 51 64 19 42 69 6 84 5 72 0 43 24 17 3 93 58 79 25 22 75 87 15 68 46 47 14 77 66 65 8 1 56 18 89 34 82 10
TEST 9 ARG:52 94 36 73 21 18 40 27 90 86 78 74 97 85 8 84 4 67 35 28 76 1 87 95 16 37 12 60 48 29 24 14 42 15 10 79 92 71 20 61 68 11 54 75 9 7 39 88 30 25 70 45 26 83 41 72 51 17 93 44 66 47 2 50 56 32 64 34 96 77 57 55 69 23 62 91 19 46 22 0 6 82 63 38 89 58 49 59 53 65 13 80 43 31 33 3 99 98 81 5
